{
 "cells": [
  {
   "cell_type": "markdown",
   "metadata": {},
   "source": [
    "## Working on Series and Dataframe"
   ]
  },
  {
   "cell_type": "code",
   "execution_count": 2,
   "metadata": {},
   "outputs": [],
   "source": [
    "import numpy as np\n",
    "import pandas as pd"
   ]
  },
  {
   "cell_type": "code",
   "execution_count": 3,
   "metadata": {},
   "outputs": [],
   "source": [
    "ser = pd.Series(np.random.rand(34))\n",
    "# This will create a series with 34 random numbers."
   ]
  },
  {
   "cell_type": "code",
   "execution_count": 4,
   "metadata": {},
   "outputs": [
    {
     "data": {
      "text/plain": [
       "0     0.997584\n",
       "1     0.125086\n",
       "2     0.695239\n",
       "3     0.885982\n",
       "4     0.748286\n",
       "5     0.807153\n",
       "6     0.943517\n",
       "7     0.006658\n",
       "8     0.316486\n",
       "9     0.214490\n",
       "10    0.404614\n",
       "11    0.430616\n",
       "12    0.100761\n",
       "13    0.264854\n",
       "14    0.529485\n",
       "15    0.007271\n",
       "16    0.110574\n",
       "17    0.932573\n",
       "18    0.991201\n",
       "19    0.371221\n",
       "20    0.060696\n",
       "21    0.256331\n",
       "22    0.911484\n",
       "23    0.303961\n",
       "24    0.969867\n",
       "25    0.317964\n",
       "26    0.862300\n",
       "27    0.395320\n",
       "28    0.159504\n",
       "29    0.612493\n",
       "30    0.993916\n",
       "31    0.500314\n",
       "32    0.933863\n",
       "33    0.970759\n",
       "dtype: float64"
      ]
     },
     "execution_count": 4,
     "metadata": {},
     "output_type": "execute_result"
    }
   ],
   "source": [
    "ser"
   ]
  },
  {
   "cell_type": "code",
   "execution_count": 5,
   "metadata": {},
   "outputs": [
    {
     "data": {
      "text/plain": [
       "pandas.core.series.Series"
      ]
     },
     "execution_count": 5,
     "metadata": {},
     "output_type": "execute_result"
    }
   ],
   "source": [
    "type(ser)"
   ]
  },
  {
   "cell_type": "code",
   "execution_count": 6,
   "metadata": {},
   "outputs": [],
   "source": [
    "newdf = pd.DataFrame(np.random.rand(334,5), index = np.arange(334))\n",
    "# This will create a dataframe with 334 rows and 5 columns and index will be from 0 to 333."
   ]
  },
  {
   "cell_type": "code",
   "execution_count": 7,
   "metadata": {},
   "outputs": [
    {
     "data": {
      "text/html": [
       "<div>\n",
       "<style scoped>\n",
       "    .dataframe tbody tr th:only-of-type {\n",
       "        vertical-align: middle;\n",
       "    }\n",
       "\n",
       "    .dataframe tbody tr th {\n",
       "        vertical-align: top;\n",
       "    }\n",
       "\n",
       "    .dataframe thead th {\n",
       "        text-align: right;\n",
       "    }\n",
       "</style>\n",
       "<table border=\"1\" class=\"dataframe\">\n",
       "  <thead>\n",
       "    <tr style=\"text-align: right;\">\n",
       "      <th></th>\n",
       "      <th>0</th>\n",
       "      <th>1</th>\n",
       "      <th>2</th>\n",
       "      <th>3</th>\n",
       "      <th>4</th>\n",
       "    </tr>\n",
       "  </thead>\n",
       "  <tbody>\n",
       "    <tr>\n",
       "      <th>0</th>\n",
       "      <td>0.893927</td>\n",
       "      <td>0.160707</td>\n",
       "      <td>0.920912</td>\n",
       "      <td>0.746738</td>\n",
       "      <td>0.565368</td>\n",
       "    </tr>\n",
       "    <tr>\n",
       "      <th>1</th>\n",
       "      <td>0.163393</td>\n",
       "      <td>0.278670</td>\n",
       "      <td>0.567496</td>\n",
       "      <td>0.775282</td>\n",
       "      <td>0.706926</td>\n",
       "    </tr>\n",
       "    <tr>\n",
       "      <th>2</th>\n",
       "      <td>0.052016</td>\n",
       "      <td>0.368827</td>\n",
       "      <td>0.283096</td>\n",
       "      <td>0.715614</td>\n",
       "      <td>0.587618</td>\n",
       "    </tr>\n",
       "    <tr>\n",
       "      <th>3</th>\n",
       "      <td>0.761822</td>\n",
       "      <td>0.541695</td>\n",
       "      <td>0.814828</td>\n",
       "      <td>0.379714</td>\n",
       "      <td>0.292251</td>\n",
       "    </tr>\n",
       "    <tr>\n",
       "      <th>4</th>\n",
       "      <td>0.342498</td>\n",
       "      <td>0.943094</td>\n",
       "      <td>0.660463</td>\n",
       "      <td>0.097091</td>\n",
       "      <td>0.513363</td>\n",
       "    </tr>\n",
       "  </tbody>\n",
       "</table>\n",
       "</div>"
      ],
      "text/plain": [
       "          0         1         2         3         4\n",
       "0  0.893927  0.160707  0.920912  0.746738  0.565368\n",
       "1  0.163393  0.278670  0.567496  0.775282  0.706926\n",
       "2  0.052016  0.368827  0.283096  0.715614  0.587618\n",
       "3  0.761822  0.541695  0.814828  0.379714  0.292251\n",
       "4  0.342498  0.943094  0.660463  0.097091  0.513363"
      ]
     },
     "execution_count": 7,
     "metadata": {},
     "output_type": "execute_result"
    }
   ],
   "source": [
    "newdf.head() # This will print the first 5 rows of the dataframe."
   ]
  },
  {
   "cell_type": "code",
   "execution_count": 8,
   "metadata": {},
   "outputs": [
    {
     "data": {
      "text/plain": [
       "pandas.core.frame.DataFrame"
      ]
     },
     "execution_count": 8,
     "metadata": {},
     "output_type": "execute_result"
    }
   ],
   "source": [
    "type(newdf)"
   ]
  },
  {
   "cell_type": "code",
   "execution_count": 9,
   "metadata": {},
   "outputs": [
    {
     "data": {
      "text/plain": [
       "0    float64\n",
       "1    float64\n",
       "2    float64\n",
       "3    float64\n",
       "4    float64\n",
       "dtype: object"
      ]
     },
     "execution_count": 9,
     "metadata": {},
     "output_type": "execute_result"
    }
   ],
   "source": [
    "newdf.dtypes"
   ]
  },
  {
   "cell_type": "code",
   "execution_count": 10,
   "metadata": {},
   "outputs": [],
   "source": [
    "newdf2 = pd.DataFrame(np.random.rand(334, 5), index=np.arange(1, 335))\n",
    "# This will create a dataframe with 334 rows and 5 columns and index will be from 1 to 334."
   ]
  },
  {
   "cell_type": "code",
   "execution_count": 11,
   "metadata": {},
   "outputs": [
    {
     "data": {
      "text/html": [
       "<div>\n",
       "<style scoped>\n",
       "    .dataframe tbody tr th:only-of-type {\n",
       "        vertical-align: middle;\n",
       "    }\n",
       "\n",
       "    .dataframe tbody tr th {\n",
       "        vertical-align: top;\n",
       "    }\n",
       "\n",
       "    .dataframe thead th {\n",
       "        text-align: right;\n",
       "    }\n",
       "</style>\n",
       "<table border=\"1\" class=\"dataframe\">\n",
       "  <thead>\n",
       "    <tr style=\"text-align: right;\">\n",
       "      <th></th>\n",
       "      <th>0</th>\n",
       "      <th>1</th>\n",
       "      <th>2</th>\n",
       "      <th>3</th>\n",
       "      <th>4</th>\n",
       "    </tr>\n",
       "  </thead>\n",
       "  <tbody>\n",
       "    <tr>\n",
       "      <th>1</th>\n",
       "      <td>0.689427</td>\n",
       "      <td>0.645372</td>\n",
       "      <td>0.184795</td>\n",
       "      <td>0.730113</td>\n",
       "      <td>0.043283</td>\n",
       "    </tr>\n",
       "    <tr>\n",
       "      <th>2</th>\n",
       "      <td>0.655907</td>\n",
       "      <td>0.497548</td>\n",
       "      <td>0.584523</td>\n",
       "      <td>0.059352</td>\n",
       "      <td>0.784675</td>\n",
       "    </tr>\n",
       "    <tr>\n",
       "      <th>3</th>\n",
       "      <td>0.846908</td>\n",
       "      <td>0.051571</td>\n",
       "      <td>0.973098</td>\n",
       "      <td>0.161522</td>\n",
       "      <td>0.663275</td>\n",
       "    </tr>\n",
       "    <tr>\n",
       "      <th>4</th>\n",
       "      <td>0.136499</td>\n",
       "      <td>0.551596</td>\n",
       "      <td>0.835631</td>\n",
       "      <td>0.663100</td>\n",
       "      <td>0.850525</td>\n",
       "    </tr>\n",
       "    <tr>\n",
       "      <th>5</th>\n",
       "      <td>0.239381</td>\n",
       "      <td>0.061242</td>\n",
       "      <td>0.654752</td>\n",
       "      <td>0.892411</td>\n",
       "      <td>0.053491</td>\n",
       "    </tr>\n",
       "    <tr>\n",
       "      <th>...</th>\n",
       "      <td>...</td>\n",
       "      <td>...</td>\n",
       "      <td>...</td>\n",
       "      <td>...</td>\n",
       "      <td>...</td>\n",
       "    </tr>\n",
       "    <tr>\n",
       "      <th>330</th>\n",
       "      <td>0.812606</td>\n",
       "      <td>0.737963</td>\n",
       "      <td>0.436768</td>\n",
       "      <td>0.524298</td>\n",
       "      <td>0.025553</td>\n",
       "    </tr>\n",
       "    <tr>\n",
       "      <th>331</th>\n",
       "      <td>0.858142</td>\n",
       "      <td>0.998267</td>\n",
       "      <td>0.840326</td>\n",
       "      <td>0.757878</td>\n",
       "      <td>0.907571</td>\n",
       "    </tr>\n",
       "    <tr>\n",
       "      <th>332</th>\n",
       "      <td>0.867163</td>\n",
       "      <td>0.646606</td>\n",
       "      <td>0.174553</td>\n",
       "      <td>0.650819</td>\n",
       "      <td>0.043373</td>\n",
       "    </tr>\n",
       "    <tr>\n",
       "      <th>333</th>\n",
       "      <td>0.565575</td>\n",
       "      <td>0.311466</td>\n",
       "      <td>0.070358</td>\n",
       "      <td>0.916548</td>\n",
       "      <td>0.766639</td>\n",
       "    </tr>\n",
       "    <tr>\n",
       "      <th>334</th>\n",
       "      <td>0.576536</td>\n",
       "      <td>0.265213</td>\n",
       "      <td>0.142215</td>\n",
       "      <td>0.748227</td>\n",
       "      <td>0.638986</td>\n",
       "    </tr>\n",
       "  </tbody>\n",
       "</table>\n",
       "<p>334 rows × 5 columns</p>\n",
       "</div>"
      ],
      "text/plain": [
       "            0         1         2         3         4\n",
       "1    0.689427  0.645372  0.184795  0.730113  0.043283\n",
       "2    0.655907  0.497548  0.584523  0.059352  0.784675\n",
       "3    0.846908  0.051571  0.973098  0.161522  0.663275\n",
       "4    0.136499  0.551596  0.835631  0.663100  0.850525\n",
       "5    0.239381  0.061242  0.654752  0.892411  0.053491\n",
       "..        ...       ...       ...       ...       ...\n",
       "330  0.812606  0.737963  0.436768  0.524298  0.025553\n",
       "331  0.858142  0.998267  0.840326  0.757878  0.907571\n",
       "332  0.867163  0.646606  0.174553  0.650819  0.043373\n",
       "333  0.565575  0.311466  0.070358  0.916548  0.766639\n",
       "334  0.576536  0.265213  0.142215  0.748227  0.638986\n",
       "\n",
       "[334 rows x 5 columns]"
      ]
     },
     "execution_count": 11,
     "metadata": {},
     "output_type": "execute_result"
    }
   ],
   "source": [
    "newdf2"
   ]
  },
  {
   "cell_type": "code",
   "execution_count": 12,
   "metadata": {},
   "outputs": [],
   "source": [
    "newdf2.to_csv('newdf2.csv', index=False)\n",
    "# This will save the dataframe to a csv file."
   ]
  },
  {
   "cell_type": "code",
   "execution_count": 13,
   "metadata": {},
   "outputs": [
    {
     "data": {
      "text/html": [
       "<div>\n",
       "<style scoped>\n",
       "    .dataframe tbody tr th:only-of-type {\n",
       "        vertical-align: middle;\n",
       "    }\n",
       "\n",
       "    .dataframe tbody tr th {\n",
       "        vertical-align: top;\n",
       "    }\n",
       "\n",
       "    .dataframe thead th {\n",
       "        text-align: right;\n",
       "    }\n",
       "</style>\n",
       "<table border=\"1\" class=\"dataframe\">\n",
       "  <thead>\n",
       "    <tr style=\"text-align: right;\">\n",
       "      <th></th>\n",
       "      <th>0</th>\n",
       "      <th>1</th>\n",
       "      <th>2</th>\n",
       "      <th>3</th>\n",
       "      <th>4</th>\n",
       "    </tr>\n",
       "  </thead>\n",
       "  <tbody>\n",
       "    <tr>\n",
       "      <th>count</th>\n",
       "      <td>334.000000</td>\n",
       "      <td>334.000000</td>\n",
       "      <td>334.000000</td>\n",
       "      <td>334.000000</td>\n",
       "      <td>334.000000</td>\n",
       "    </tr>\n",
       "    <tr>\n",
       "      <th>mean</th>\n",
       "      <td>0.486967</td>\n",
       "      <td>0.503142</td>\n",
       "      <td>0.520699</td>\n",
       "      <td>0.509325</td>\n",
       "      <td>0.514465</td>\n",
       "    </tr>\n",
       "    <tr>\n",
       "      <th>std</th>\n",
       "      <td>0.290457</td>\n",
       "      <td>0.299879</td>\n",
       "      <td>0.284447</td>\n",
       "      <td>0.306741</td>\n",
       "      <td>0.282496</td>\n",
       "    </tr>\n",
       "    <tr>\n",
       "      <th>min</th>\n",
       "      <td>0.002901</td>\n",
       "      <td>0.003031</td>\n",
       "      <td>0.000096</td>\n",
       "      <td>0.000626</td>\n",
       "      <td>0.000272</td>\n",
       "    </tr>\n",
       "    <tr>\n",
       "      <th>25%</th>\n",
       "      <td>0.244317</td>\n",
       "      <td>0.233169</td>\n",
       "      <td>0.283464</td>\n",
       "      <td>0.209875</td>\n",
       "      <td>0.277788</td>\n",
       "    </tr>\n",
       "    <tr>\n",
       "      <th>50%</th>\n",
       "      <td>0.481902</td>\n",
       "      <td>0.483170</td>\n",
       "      <td>0.524491</td>\n",
       "      <td>0.548264</td>\n",
       "      <td>0.522239</td>\n",
       "    </tr>\n",
       "    <tr>\n",
       "      <th>75%</th>\n",
       "      <td>0.719032</td>\n",
       "      <td>0.758199</td>\n",
       "      <td>0.775509</td>\n",
       "      <td>0.793341</td>\n",
       "      <td>0.755666</td>\n",
       "    </tr>\n",
       "    <tr>\n",
       "      <th>max</th>\n",
       "      <td>0.999280</td>\n",
       "      <td>0.996735</td>\n",
       "      <td>0.998095</td>\n",
       "      <td>0.995181</td>\n",
       "      <td>0.998793</td>\n",
       "    </tr>\n",
       "  </tbody>\n",
       "</table>\n",
       "</div>"
      ],
      "text/plain": [
       "                0           1           2           3           4\n",
       "count  334.000000  334.000000  334.000000  334.000000  334.000000\n",
       "mean     0.486967    0.503142    0.520699    0.509325    0.514465\n",
       "std      0.290457    0.299879    0.284447    0.306741    0.282496\n",
       "min      0.002901    0.003031    0.000096    0.000626    0.000272\n",
       "25%      0.244317    0.233169    0.283464    0.209875    0.277788\n",
       "50%      0.481902    0.483170    0.524491    0.548264    0.522239\n",
       "75%      0.719032    0.758199    0.775509    0.793341    0.755666\n",
       "max      0.999280    0.996735    0.998095    0.995181    0.998793"
      ]
     },
     "execution_count": 13,
     "metadata": {},
     "output_type": "execute_result"
    }
   ],
   "source": [
    "newdf.describe() # This will give the statistical data of the dataframe."
   ]
  },
  {
   "cell_type": "code",
   "execution_count": 14,
   "metadata": {},
   "outputs": [
    {
     "data": {
      "text/plain": [
       "0    float64\n",
       "1    float64\n",
       "2    float64\n",
       "3    float64\n",
       "4    float64\n",
       "dtype: object"
      ]
     },
     "execution_count": 14,
     "metadata": {},
     "output_type": "execute_result"
    }
   ],
   "source": [
    "newdf.dtypes # This will give the data types of the columns of the dataframe."
   ]
  },
  {
   "cell_type": "code",
   "execution_count": 15,
   "metadata": {},
   "outputs": [],
   "source": [
    "newdf2[0][0] = \"Gaurav\"\n",
    "# This will change the value of the first row and first column to \"Gaurav\"."
   ]
  },
  {
   "cell_type": "code",
   "execution_count": 16,
   "metadata": {},
   "outputs": [
    {
     "data": {
      "text/html": [
       "<div>\n",
       "<style scoped>\n",
       "    .dataframe tbody tr th:only-of-type {\n",
       "        vertical-align: middle;\n",
       "    }\n",
       "\n",
       "    .dataframe tbody tr th {\n",
       "        vertical-align: top;\n",
       "    }\n",
       "\n",
       "    .dataframe thead th {\n",
       "        text-align: right;\n",
       "    }\n",
       "</style>\n",
       "<table border=\"1\" class=\"dataframe\">\n",
       "  <thead>\n",
       "    <tr style=\"text-align: right;\">\n",
       "      <th></th>\n",
       "      <th>0</th>\n",
       "      <th>1</th>\n",
       "      <th>2</th>\n",
       "      <th>3</th>\n",
       "      <th>4</th>\n",
       "    </tr>\n",
       "  </thead>\n",
       "  <tbody>\n",
       "    <tr>\n",
       "      <th>0</th>\n",
       "      <td>0.893927</td>\n",
       "      <td>0.160707</td>\n",
       "      <td>0.920912</td>\n",
       "      <td>0.746738</td>\n",
       "      <td>0.565368</td>\n",
       "    </tr>\n",
       "    <tr>\n",
       "      <th>1</th>\n",
       "      <td>0.163393</td>\n",
       "      <td>0.278670</td>\n",
       "      <td>0.567496</td>\n",
       "      <td>0.775282</td>\n",
       "      <td>0.706926</td>\n",
       "    </tr>\n",
       "    <tr>\n",
       "      <th>2</th>\n",
       "      <td>0.052016</td>\n",
       "      <td>0.368827</td>\n",
       "      <td>0.283096</td>\n",
       "      <td>0.715614</td>\n",
       "      <td>0.587618</td>\n",
       "    </tr>\n",
       "    <tr>\n",
       "      <th>3</th>\n",
       "      <td>0.761822</td>\n",
       "      <td>0.541695</td>\n",
       "      <td>0.814828</td>\n",
       "      <td>0.379714</td>\n",
       "      <td>0.292251</td>\n",
       "    </tr>\n",
       "    <tr>\n",
       "      <th>4</th>\n",
       "      <td>0.342498</td>\n",
       "      <td>0.943094</td>\n",
       "      <td>0.660463</td>\n",
       "      <td>0.097091</td>\n",
       "      <td>0.513363</td>\n",
       "    </tr>\n",
       "    <tr>\n",
       "      <th>...</th>\n",
       "      <td>...</td>\n",
       "      <td>...</td>\n",
       "      <td>...</td>\n",
       "      <td>...</td>\n",
       "      <td>...</td>\n",
       "    </tr>\n",
       "    <tr>\n",
       "      <th>329</th>\n",
       "      <td>0.009264</td>\n",
       "      <td>0.082817</td>\n",
       "      <td>0.318184</td>\n",
       "      <td>0.887579</td>\n",
       "      <td>0.577168</td>\n",
       "    </tr>\n",
       "    <tr>\n",
       "      <th>330</th>\n",
       "      <td>0.303053</td>\n",
       "      <td>0.506708</td>\n",
       "      <td>0.871810</td>\n",
       "      <td>0.843298</td>\n",
       "      <td>0.186945</td>\n",
       "    </tr>\n",
       "    <tr>\n",
       "      <th>331</th>\n",
       "      <td>0.988841</td>\n",
       "      <td>0.705021</td>\n",
       "      <td>0.297276</td>\n",
       "      <td>0.062716</td>\n",
       "      <td>0.802622</td>\n",
       "    </tr>\n",
       "    <tr>\n",
       "      <th>332</th>\n",
       "      <td>0.419171</td>\n",
       "      <td>0.808183</td>\n",
       "      <td>0.121492</td>\n",
       "      <td>0.943192</td>\n",
       "      <td>0.945246</td>\n",
       "    </tr>\n",
       "    <tr>\n",
       "      <th>333</th>\n",
       "      <td>0.437928</td>\n",
       "      <td>0.987388</td>\n",
       "      <td>0.214884</td>\n",
       "      <td>0.397667</td>\n",
       "      <td>0.082383</td>\n",
       "    </tr>\n",
       "  </tbody>\n",
       "</table>\n",
       "<p>334 rows × 5 columns</p>\n",
       "</div>"
      ],
      "text/plain": [
       "            0         1         2         3         4\n",
       "0    0.893927  0.160707  0.920912  0.746738  0.565368\n",
       "1    0.163393  0.278670  0.567496  0.775282  0.706926\n",
       "2    0.052016  0.368827  0.283096  0.715614  0.587618\n",
       "3    0.761822  0.541695  0.814828  0.379714  0.292251\n",
       "4    0.342498  0.943094  0.660463  0.097091  0.513363\n",
       "..        ...       ...       ...       ...       ...\n",
       "329  0.009264  0.082817  0.318184  0.887579  0.577168\n",
       "330  0.303053  0.506708  0.871810  0.843298  0.186945\n",
       "331  0.988841  0.705021  0.297276  0.062716  0.802622\n",
       "332  0.419171  0.808183  0.121492  0.943192  0.945246\n",
       "333  0.437928  0.987388  0.214884  0.397667  0.082383\n",
       "\n",
       "[334 rows x 5 columns]"
      ]
     },
     "execution_count": 16,
     "metadata": {},
     "output_type": "execute_result"
    }
   ],
   "source": [
    "newdf"
   ]
  },
  {
   "cell_type": "code",
   "execution_count": 17,
   "metadata": {},
   "outputs": [
    {
     "data": {
      "text/plain": [
       "0    float64\n",
       "1    float64\n",
       "2    float64\n",
       "3    float64\n",
       "4    float64\n",
       "dtype: object"
      ]
     },
     "execution_count": 17,
     "metadata": {},
     "output_type": "execute_result"
    }
   ],
   "source": [
    "newdf2.dtypes"
   ]
  },
  {
   "cell_type": "markdown",
   "metadata": {},
   "source": [
    "### Printing the index of data frame"
   ]
  },
  {
   "cell_type": "code",
   "execution_count": 18,
   "metadata": {},
   "outputs": [
    {
     "data": {
      "text/plain": [
       "Index([  1,   2,   3,   4,   5,   6,   7,   8,   9,  10,\n",
       "       ...\n",
       "       325, 326, 327, 328, 329, 330, 331, 332, 333, 334],\n",
       "      dtype='int64', length=334)"
      ]
     },
     "execution_count": 18,
     "metadata": {},
     "output_type": "execute_result"
    }
   ],
   "source": [
    "newdf2.index"
   ]
  },
  {
   "cell_type": "code",
   "execution_count": 19,
   "metadata": {},
   "outputs": [
    {
     "data": {
      "text/plain": [
       "RangeIndex(start=0, stop=5, step=1)"
      ]
     },
     "execution_count": 19,
     "metadata": {},
     "output_type": "execute_result"
    }
   ],
   "source": [
    "newdf2.columns"
   ]
  },
  {
   "cell_type": "markdown",
   "metadata": {},
   "source": [
    "### To convert Pandas Series or Dataframe into numpy array"
   ]
  },
  {
   "cell_type": "code",
   "execution_count": 20,
   "metadata": {},
   "outputs": [
    {
     "data": {
      "text/plain": [
       "array([[0.68942731, 0.64537222, 0.18479457, 0.73011267, 0.04328282],\n",
       "       [0.65590701, 0.49754763, 0.58452341, 0.05935237, 0.78467477],\n",
       "       [0.84690833, 0.05157135, 0.97309778, 0.16152225, 0.66327471],\n",
       "       ...,\n",
       "       [0.8671627 , 0.6466062 , 0.17455314, 0.65081883, 0.0433731 ],\n",
       "       [0.56557464, 0.31146613, 0.07035768, 0.91654803, 0.76663933],\n",
       "       [0.57653588, 0.26521318, 0.1422149 , 0.74822748, 0.63898581]])"
      ]
     },
     "execution_count": 20,
     "metadata": {},
     "output_type": "execute_result"
    }
   ],
   "source": [
    "newdf2.to_numpy()\n",
    "# This will convert the dataframe to a numpy array."
   ]
  },
  {
   "cell_type": "markdown",
   "metadata": {},
   "source": [
    "### To sort (in descending order)"
   ]
  },
  {
   "cell_type": "code",
   "execution_count": 21,
   "metadata": {},
   "outputs": [
    {
     "data": {
      "text/html": [
       "<div>\n",
       "<style scoped>\n",
       "    .dataframe tbody tr th:only-of-type {\n",
       "        vertical-align: middle;\n",
       "    }\n",
       "\n",
       "    .dataframe tbody tr th {\n",
       "        vertical-align: top;\n",
       "    }\n",
       "\n",
       "    .dataframe thead th {\n",
       "        text-align: right;\n",
       "    }\n",
       "</style>\n",
       "<table border=\"1\" class=\"dataframe\">\n",
       "  <thead>\n",
       "    <tr style=\"text-align: right;\">\n",
       "      <th></th>\n",
       "      <th>0</th>\n",
       "      <th>1</th>\n",
       "      <th>2</th>\n",
       "      <th>3</th>\n",
       "      <th>4</th>\n",
       "    </tr>\n",
       "  </thead>\n",
       "  <tbody>\n",
       "    <tr>\n",
       "      <th>334</th>\n",
       "      <td>0.576536</td>\n",
       "      <td>0.265213</td>\n",
       "      <td>0.142215</td>\n",
       "      <td>0.748227</td>\n",
       "      <td>0.638986</td>\n",
       "    </tr>\n",
       "    <tr>\n",
       "      <th>333</th>\n",
       "      <td>0.565575</td>\n",
       "      <td>0.311466</td>\n",
       "      <td>0.070358</td>\n",
       "      <td>0.916548</td>\n",
       "      <td>0.766639</td>\n",
       "    </tr>\n",
       "    <tr>\n",
       "      <th>332</th>\n",
       "      <td>0.867163</td>\n",
       "      <td>0.646606</td>\n",
       "      <td>0.174553</td>\n",
       "      <td>0.650819</td>\n",
       "      <td>0.043373</td>\n",
       "    </tr>\n",
       "    <tr>\n",
       "      <th>331</th>\n",
       "      <td>0.858142</td>\n",
       "      <td>0.998267</td>\n",
       "      <td>0.840326</td>\n",
       "      <td>0.757878</td>\n",
       "      <td>0.907571</td>\n",
       "    </tr>\n",
       "    <tr>\n",
       "      <th>330</th>\n",
       "      <td>0.812606</td>\n",
       "      <td>0.737963</td>\n",
       "      <td>0.436768</td>\n",
       "      <td>0.524298</td>\n",
       "      <td>0.025553</td>\n",
       "    </tr>\n",
       "    <tr>\n",
       "      <th>...</th>\n",
       "      <td>...</td>\n",
       "      <td>...</td>\n",
       "      <td>...</td>\n",
       "      <td>...</td>\n",
       "      <td>...</td>\n",
       "    </tr>\n",
       "    <tr>\n",
       "      <th>5</th>\n",
       "      <td>0.239381</td>\n",
       "      <td>0.061242</td>\n",
       "      <td>0.654752</td>\n",
       "      <td>0.892411</td>\n",
       "      <td>0.053491</td>\n",
       "    </tr>\n",
       "    <tr>\n",
       "      <th>4</th>\n",
       "      <td>0.136499</td>\n",
       "      <td>0.551596</td>\n",
       "      <td>0.835631</td>\n",
       "      <td>0.663100</td>\n",
       "      <td>0.850525</td>\n",
       "    </tr>\n",
       "    <tr>\n",
       "      <th>3</th>\n",
       "      <td>0.846908</td>\n",
       "      <td>0.051571</td>\n",
       "      <td>0.973098</td>\n",
       "      <td>0.161522</td>\n",
       "      <td>0.663275</td>\n",
       "    </tr>\n",
       "    <tr>\n",
       "      <th>2</th>\n",
       "      <td>0.655907</td>\n",
       "      <td>0.497548</td>\n",
       "      <td>0.584523</td>\n",
       "      <td>0.059352</td>\n",
       "      <td>0.784675</td>\n",
       "    </tr>\n",
       "    <tr>\n",
       "      <th>1</th>\n",
       "      <td>0.689427</td>\n",
       "      <td>0.645372</td>\n",
       "      <td>0.184795</td>\n",
       "      <td>0.730113</td>\n",
       "      <td>0.043283</td>\n",
       "    </tr>\n",
       "  </tbody>\n",
       "</table>\n",
       "<p>334 rows × 5 columns</p>\n",
       "</div>"
      ],
      "text/plain": [
       "            0         1         2         3         4\n",
       "334  0.576536  0.265213  0.142215  0.748227  0.638986\n",
       "333  0.565575  0.311466  0.070358  0.916548  0.766639\n",
       "332  0.867163  0.646606  0.174553  0.650819  0.043373\n",
       "331  0.858142  0.998267  0.840326  0.757878  0.907571\n",
       "330  0.812606  0.737963  0.436768  0.524298  0.025553\n",
       "..        ...       ...       ...       ...       ...\n",
       "5    0.239381  0.061242  0.654752  0.892411  0.053491\n",
       "4    0.136499  0.551596  0.835631  0.663100  0.850525\n",
       "3    0.846908  0.051571  0.973098  0.161522  0.663275\n",
       "2    0.655907  0.497548  0.584523  0.059352  0.784675\n",
       "1    0.689427  0.645372  0.184795  0.730113  0.043283\n",
       "\n",
       "[334 rows x 5 columns]"
      ]
     },
     "execution_count": 21,
     "metadata": {},
     "output_type": "execute_result"
    }
   ],
   "source": [
    "newdf2.sort_index(axis=0, ascending=False)\n",
    "# This will sort the dataframe in descending order."
   ]
  },
  {
   "cell_type": "code",
   "execution_count": null,
   "metadata": {},
   "outputs": [
    {
     "data": {
      "text/plain": [
       "1      0.689427\n",
       "2      0.655907\n",
       "3      0.846908\n",
       "4      0.136499\n",
       "5      0.239381\n",
       "         ...   \n",
       "330    0.812606\n",
       "331    0.858142\n",
       "332    0.867163\n",
       "333    0.565575\n",
       "334    0.576536\n",
       "Name: 0, Length: 334, dtype: float64"
      ]
     },
     "execution_count": 22,
     "metadata": {},
     "output_type": "execute_result"
    }
   ],
   "source": [
    "newdf2[0] # Prints the first column of the dataframe."
   ]
  },
  {
   "cell_type": "code",
   "execution_count": 23,
   "metadata": {},
   "outputs": [
    {
     "data": {
      "text/html": [
       "<div>\n",
       "<style scoped>\n",
       "    .dataframe tbody tr th:only-of-type {\n",
       "        vertical-align: middle;\n",
       "    }\n",
       "\n",
       "    .dataframe tbody tr th {\n",
       "        vertical-align: top;\n",
       "    }\n",
       "\n",
       "    .dataframe thead th {\n",
       "        text-align: right;\n",
       "    }\n",
       "</style>\n",
       "<table border=\"1\" class=\"dataframe\">\n",
       "  <thead>\n",
       "    <tr style=\"text-align: right;\">\n",
       "      <th></th>\n",
       "      <th>0</th>\n",
       "      <th>1</th>\n",
       "      <th>2</th>\n",
       "      <th>3</th>\n",
       "      <th>4</th>\n",
       "    </tr>\n",
       "  </thead>\n",
       "  <tbody>\n",
       "    <tr>\n",
       "      <th>1</th>\n",
       "      <td>0.689427</td>\n",
       "      <td>0.645372</td>\n",
       "      <td>0.184795</td>\n",
       "      <td>0.730113</td>\n",
       "      <td>0.043283</td>\n",
       "    </tr>\n",
       "    <tr>\n",
       "      <th>2</th>\n",
       "      <td>0.655907</td>\n",
       "      <td>0.497548</td>\n",
       "      <td>0.584523</td>\n",
       "      <td>0.059352</td>\n",
       "      <td>0.784675</td>\n",
       "    </tr>\n",
       "    <tr>\n",
       "      <th>3</th>\n",
       "      <td>0.846908</td>\n",
       "      <td>0.051571</td>\n",
       "      <td>0.973098</td>\n",
       "      <td>0.161522</td>\n",
       "      <td>0.663275</td>\n",
       "    </tr>\n",
       "    <tr>\n",
       "      <th>4</th>\n",
       "      <td>0.136499</td>\n",
       "      <td>0.551596</td>\n",
       "      <td>0.835631</td>\n",
       "      <td>0.663100</td>\n",
       "      <td>0.850525</td>\n",
       "    </tr>\n",
       "    <tr>\n",
       "      <th>5</th>\n",
       "      <td>0.239381</td>\n",
       "      <td>0.061242</td>\n",
       "      <td>0.654752</td>\n",
       "      <td>0.892411</td>\n",
       "      <td>0.053491</td>\n",
       "    </tr>\n",
       "  </tbody>\n",
       "</table>\n",
       "</div>"
      ],
      "text/plain": [
       "          0         1         2         3         4\n",
       "1  0.689427  0.645372  0.184795  0.730113  0.043283\n",
       "2  0.655907  0.497548  0.584523  0.059352  0.784675\n",
       "3  0.846908  0.051571  0.973098  0.161522  0.663275\n",
       "4  0.136499  0.551596  0.835631  0.663100  0.850525\n",
       "5  0.239381  0.061242  0.654752  0.892411  0.053491"
      ]
     },
     "execution_count": 23,
     "metadata": {},
     "output_type": "execute_result"
    }
   ],
   "source": [
    "newdf2.head()"
   ]
  },
  {
   "cell_type": "code",
   "execution_count": 24,
   "metadata": {},
   "outputs": [],
   "source": [
    "newdf3 = newdf2"
   ]
  },
  {
   "cell_type": "code",
   "execution_count": 25,
   "metadata": {},
   "outputs": [
    {
     "data": {
      "text/html": [
       "<div>\n",
       "<style scoped>\n",
       "    .dataframe tbody tr th:only-of-type {\n",
       "        vertical-align: middle;\n",
       "    }\n",
       "\n",
       "    .dataframe tbody tr th {\n",
       "        vertical-align: top;\n",
       "    }\n",
       "\n",
       "    .dataframe thead th {\n",
       "        text-align: right;\n",
       "    }\n",
       "</style>\n",
       "<table border=\"1\" class=\"dataframe\">\n",
       "  <thead>\n",
       "    <tr style=\"text-align: right;\">\n",
       "      <th></th>\n",
       "      <th>0</th>\n",
       "      <th>1</th>\n",
       "      <th>2</th>\n",
       "      <th>3</th>\n",
       "      <th>4</th>\n",
       "    </tr>\n",
       "  </thead>\n",
       "  <tbody>\n",
       "    <tr>\n",
       "      <th>1</th>\n",
       "      <td>0.689427</td>\n",
       "      <td>0.645372</td>\n",
       "      <td>0.184795</td>\n",
       "      <td>0.730113</td>\n",
       "      <td>0.043283</td>\n",
       "    </tr>\n",
       "    <tr>\n",
       "      <th>2</th>\n",
       "      <td>0.655907</td>\n",
       "      <td>0.497548</td>\n",
       "      <td>0.584523</td>\n",
       "      <td>0.059352</td>\n",
       "      <td>0.784675</td>\n",
       "    </tr>\n",
       "    <tr>\n",
       "      <th>3</th>\n",
       "      <td>0.846908</td>\n",
       "      <td>0.051571</td>\n",
       "      <td>0.973098</td>\n",
       "      <td>0.161522</td>\n",
       "      <td>0.663275</td>\n",
       "    </tr>\n",
       "    <tr>\n",
       "      <th>4</th>\n",
       "      <td>0.136499</td>\n",
       "      <td>0.551596</td>\n",
       "      <td>0.835631</td>\n",
       "      <td>0.663100</td>\n",
       "      <td>0.850525</td>\n",
       "    </tr>\n",
       "    <tr>\n",
       "      <th>5</th>\n",
       "      <td>0.239381</td>\n",
       "      <td>0.061242</td>\n",
       "      <td>0.654752</td>\n",
       "      <td>0.892411</td>\n",
       "      <td>0.053491</td>\n",
       "    </tr>\n",
       "    <tr>\n",
       "      <th>...</th>\n",
       "      <td>...</td>\n",
       "      <td>...</td>\n",
       "      <td>...</td>\n",
       "      <td>...</td>\n",
       "      <td>...</td>\n",
       "    </tr>\n",
       "    <tr>\n",
       "      <th>330</th>\n",
       "      <td>0.812606</td>\n",
       "      <td>0.737963</td>\n",
       "      <td>0.436768</td>\n",
       "      <td>0.524298</td>\n",
       "      <td>0.025553</td>\n",
       "    </tr>\n",
       "    <tr>\n",
       "      <th>331</th>\n",
       "      <td>0.858142</td>\n",
       "      <td>0.998267</td>\n",
       "      <td>0.840326</td>\n",
       "      <td>0.757878</td>\n",
       "      <td>0.907571</td>\n",
       "    </tr>\n",
       "    <tr>\n",
       "      <th>332</th>\n",
       "      <td>0.867163</td>\n",
       "      <td>0.646606</td>\n",
       "      <td>0.174553</td>\n",
       "      <td>0.650819</td>\n",
       "      <td>0.043373</td>\n",
       "    </tr>\n",
       "    <tr>\n",
       "      <th>333</th>\n",
       "      <td>0.565575</td>\n",
       "      <td>0.311466</td>\n",
       "      <td>0.070358</td>\n",
       "      <td>0.916548</td>\n",
       "      <td>0.766639</td>\n",
       "    </tr>\n",
       "    <tr>\n",
       "      <th>334</th>\n",
       "      <td>0.576536</td>\n",
       "      <td>0.265213</td>\n",
       "      <td>0.142215</td>\n",
       "      <td>0.748227</td>\n",
       "      <td>0.638986</td>\n",
       "    </tr>\n",
       "  </tbody>\n",
       "</table>\n",
       "<p>334 rows × 5 columns</p>\n",
       "</div>"
      ],
      "text/plain": [
       "            0         1         2         3         4\n",
       "1    0.689427  0.645372  0.184795  0.730113  0.043283\n",
       "2    0.655907  0.497548  0.584523  0.059352  0.784675\n",
       "3    0.846908  0.051571  0.973098  0.161522  0.663275\n",
       "4    0.136499  0.551596  0.835631  0.663100  0.850525\n",
       "5    0.239381  0.061242  0.654752  0.892411  0.053491\n",
       "..        ...       ...       ...       ...       ...\n",
       "330  0.812606  0.737963  0.436768  0.524298  0.025553\n",
       "331  0.858142  0.998267  0.840326  0.757878  0.907571\n",
       "332  0.867163  0.646606  0.174553  0.650819  0.043373\n",
       "333  0.565575  0.311466  0.070358  0.916548  0.766639\n",
       "334  0.576536  0.265213  0.142215  0.748227  0.638986\n",
       "\n",
       "[334 rows x 5 columns]"
      ]
     },
     "execution_count": 25,
     "metadata": {},
     "output_type": "execute_result"
    }
   ],
   "source": [
    "newdf3"
   ]
  },
  {
   "cell_type": "code",
   "execution_count": 26,
   "metadata": {},
   "outputs": [
    {
     "data": {
      "text/html": [
       "<div>\n",
       "<style scoped>\n",
       "    .dataframe tbody tr th:only-of-type {\n",
       "        vertical-align: middle;\n",
       "    }\n",
       "\n",
       "    .dataframe tbody tr th {\n",
       "        vertical-align: top;\n",
       "    }\n",
       "\n",
       "    .dataframe thead th {\n",
       "        text-align: right;\n",
       "    }\n",
       "</style>\n",
       "<table border=\"1\" class=\"dataframe\">\n",
       "  <thead>\n",
       "    <tr style=\"text-align: right;\">\n",
       "      <th></th>\n",
       "      <th>0</th>\n",
       "      <th>1</th>\n",
       "      <th>2</th>\n",
       "      <th>3</th>\n",
       "      <th>4</th>\n",
       "    </tr>\n",
       "  </thead>\n",
       "  <tbody>\n",
       "    <tr>\n",
       "      <th>1</th>\n",
       "      <td>0.689427</td>\n",
       "      <td>0.645372</td>\n",
       "      <td>0.184795</td>\n",
       "      <td>0.730113</td>\n",
       "      <td>0.043283</td>\n",
       "    </tr>\n",
       "    <tr>\n",
       "      <th>2</th>\n",
       "      <td>0.655907</td>\n",
       "      <td>0.497548</td>\n",
       "      <td>0.584523</td>\n",
       "      <td>0.059352</td>\n",
       "      <td>0.784675</td>\n",
       "    </tr>\n",
       "    <tr>\n",
       "      <th>3</th>\n",
       "      <td>0.846908</td>\n",
       "      <td>0.051571</td>\n",
       "      <td>0.973098</td>\n",
       "      <td>0.161522</td>\n",
       "      <td>0.663275</td>\n",
       "    </tr>\n",
       "    <tr>\n",
       "      <th>4</th>\n",
       "      <td>0.136499</td>\n",
       "      <td>0.551596</td>\n",
       "      <td>0.835631</td>\n",
       "      <td>0.663100</td>\n",
       "      <td>0.850525</td>\n",
       "    </tr>\n",
       "    <tr>\n",
       "      <th>5</th>\n",
       "      <td>0.239381</td>\n",
       "      <td>0.061242</td>\n",
       "      <td>0.654752</td>\n",
       "      <td>0.892411</td>\n",
       "      <td>0.053491</td>\n",
       "    </tr>\n",
       "    <tr>\n",
       "      <th>...</th>\n",
       "      <td>...</td>\n",
       "      <td>...</td>\n",
       "      <td>...</td>\n",
       "      <td>...</td>\n",
       "      <td>...</td>\n",
       "    </tr>\n",
       "    <tr>\n",
       "      <th>330</th>\n",
       "      <td>0.812606</td>\n",
       "      <td>0.737963</td>\n",
       "      <td>0.436768</td>\n",
       "      <td>0.524298</td>\n",
       "      <td>0.025553</td>\n",
       "    </tr>\n",
       "    <tr>\n",
       "      <th>331</th>\n",
       "      <td>0.858142</td>\n",
       "      <td>0.998267</td>\n",
       "      <td>0.840326</td>\n",
       "      <td>0.757878</td>\n",
       "      <td>0.907571</td>\n",
       "    </tr>\n",
       "    <tr>\n",
       "      <th>332</th>\n",
       "      <td>0.867163</td>\n",
       "      <td>0.646606</td>\n",
       "      <td>0.174553</td>\n",
       "      <td>0.650819</td>\n",
       "      <td>0.043373</td>\n",
       "    </tr>\n",
       "    <tr>\n",
       "      <th>333</th>\n",
       "      <td>0.565575</td>\n",
       "      <td>0.311466</td>\n",
       "      <td>0.070358</td>\n",
       "      <td>0.916548</td>\n",
       "      <td>0.766639</td>\n",
       "    </tr>\n",
       "    <tr>\n",
       "      <th>334</th>\n",
       "      <td>0.576536</td>\n",
